100
CJ_Plane_1 0 0 1 0 0 3.141 0.09 0.09 0.09
BM_sofabed 0 0 0 0 0 3.141
BM_bleachers_02 0.020000 0.130000 -0.290000 -0.050000 0.000000 3.179997 1.000000 1.000000 1.000000
docksteps3_MH10 0.000000 0.000000 0.000000 0.000000 0.000000 238.818024 0.290001 0.290001 0.290001
GB_plantpotext11 0.000000 0.000000 -0.440000 0.000000 0.000000 0.000000 1.000000 1.000000 1.000000
08_bollard_MX1 0.050000 0.340000 -0.150000 0.000000 0.000000 0.000000 0.720000 0.720000 0.720000
21_Flag_MX1 0.000000 0.000000 0.260000 0.000000 0.000000 0.000000 1.000000 1.000000 1.000000
21_USFlag_MX1 0.000000 0.000000 1.379999 -0.020000 3.149997 0.000000 0.700000 0.700000 0.700000
41_statue1_MH5 0.000000 0.000000 -0.090000 -0.040000 0.000000 0.720000 0.630000 0.630000 0.630000
49_Ball01_MH1 0.000000 0.000000 0.370000 0.000000 0.000000 0.000000 1.000000 1.000000 1.000000
AB_airunit1 -0.410000 -0.240000 -0.530000 0.000000 0.000000 0.000000 2.029999 2.029999 2.029999
ab_burger 0.000000 0.000000 1.979999 0.000000 0.000000 0.000000 4.009997 4.009997 4.009997
ab_burger_seat1C 0.070000 -0.200000 0.250000 0.000000 0.000000 1.539999 1.000000 1.000000 1.000000
ab_burger_seat2L -0.020000 -0.480000 0.060000 0.000000 0.000000 0.000000 1.000000 1.000000 1.000000
ab_clubchair2 0.140000 1.039999 0.280000 0.000000 0.000000 0.000000 1.979999 1.979999 1.979999
ab_DinerBench 0.000000 0.450000 0.210000 0.000000 0.000000 3.139997 1.000000 1.000000 1.000000
ag_bushy02 0.000000 0.000000 0.000000 0.000000 0.000000 0.000000 1.000000 1.000000 1.000000
ag_deadbush5 0.000000 0.000000 0.640000 0.000000 0.000000 0.000000 1.619999 1.619999 1.619999
AG_PROC_PLANT_19 0.000000 0.000000 1.279999 0.000000 0.000000 0.000000 1.000000 1.000000 1.000000
AG_PROC_PLANT_20 0.000000 -0.090000 0.000000 0.000000 0.000000 0.000000 1.799999 1.799999 1.799999
AG_PROC_PLANT_23 0.000000 0.000000 0.300000 0.000000 0.000000 0.000000 1.539999 1.539999 1.539999
AG_TREE02 0.000000 0.000000 -0.680000 0.000000 0.000000 0.000000 1.430000 1.430000 1.430000
ah_brownerchair 0.120000 0.720000 -0.450000 0.000000 0.000000 -3.179997 1.000000 1.000000 1.000000
ah_brownercouch 0.340000 0.610000 -0.480000 0.000000 0.000000 3.159997 1.000000 1.000000 1.000000
ah_romschair 0.440000 0.020000 -0.080000 0.000000 0.000000 3.079998 1.000000 1.000000 1.000000
cj_rpg_rocket -0.959999 0.010000 -0.040000 0.000000 0.000000 0.00000 6.080045 6.080045 6.080045
rpg 0.000000 0.000000 0.000000 -0.040000 -0.000000 -1.399999 5.250026 5.250026 5.250026
w_pumpshot 0.000000 0.000000 0.000000 -0.040000 -0.000000 -1.399999 5.250026 5.250026 5.250026
w_m4 0.000000 0.000000 0.000000 -0.040000 -0.000000 -1.399999 5.250026 5.250026 5.250026
w_psg1 0.000000 0.000000 0.000000 -0.040000 -0.000000 -1.399999 5.250026 5.250026 5.250026
CJ_MED_TOILET_2 0.540000 -0.000000 -0.530000 -0.000000 0.000000 3.199997 1.610000 1.610000 1.610000
CJ_P_POT_1 0.010000 0.010000 -0.450000 0.000000 0.000000 0.000000 1.779999 1.779999 1.779999
CJ_BOWLING_PIN 0.180000 0.000000 -0.040000 1.599999 -0.030000 1.319999 5.320027 5.320027 5.320027
CJ_BOWLING_BALL3 0.320000 -0.020000 0.260000 0.000000 0.000000 0.000000 9.640126 10.030135 10.030135
dildo1 0.000000 0.000000 0.000000 1.579999 0.000000 0.320000 7.940087 7.940087 7.940087
BM_bathtub 0.000000 0.000000 -0.430000 -0.080000 0.010000 0.180000 1.000000 1.000000 1.000000
